Class : 1
density_ref_contact : [32.96875; 492.34375]
init_all_ages_successful_contact_rate_human : [0.20371875; 0.79628125]
init_all_ages_factor_contact_rate_asymptomatic : [0.11015625; 0.95221875]
init_all_ages_proportion_asymptomatic : [0.45321875; 0.98340625]
init_all_ages_proportion_hospitalisation : [0.64034375; 0.98340625]
init_all_ages_proportion_icu : [0.29728125; 0.98340625]
init_all_ages_proportion_dead_symptomatic : [0.01659375; 0.88984375]
Barycenter : [262.65625      0.5          0.5311875    0.7183125    0.811875
   0.64034375   0.45321875]

